9.9900e-04 3.4852e-01 3.3972e-08
1.0059e-03 3.4921e-01 3.3869e-08
1.0129e-03 3.4991e-01 3.3767e-08
1.0199e-03 3.5060e-01 3.3664e-08
1.0270e-03 3.5129e-01 3.3561e-08
1.0341e-03 3.5198e-01 3.3458e-08
1.0413e-03 3.5267e-01 3.3355e-08
1.0486e-03 3.5335e-01 3.3252e-08
1.0558e-03 3.5403e-01 3.3149e-08
1.0632e-03 3.5471e-01 3.3045e-08
1.0705e-03 3.5539e-01 3.2942e-08
1.0780e-03 3.5607e-01 3.2839e-08
1.0854e-03 3.5674e-01 3.2736e-08
1.0930e-03 3.5741e-01 3.2632e-08
1.1006e-03 3.5808e-01 3.2529e-08
1.1082e-03 3.5875e-01 3.2426e-08
1.1159e-03 3.5941e-01 3.2323e-08
1.1236e-03 3.6008e-01 3.2219e-08
1.1314e-03 3.6074e-01 3.2116e-08
1.1393e-03 3.6140e-01 3.2013e-08
1.1472e-03 3.6205e-01 3.1909e-08
1.1551e-03 3.6271e-01 3.1806e-08
1.1632e-03 3.6336e-01 3.1703e-08
1.1712e-03 3.6401e-01 3.1600e-08
1.1794e-03 3.6466e-01 3.1496e-08
1.1875e-03 3.6530e-01 3.1393e-08
1.1958e-03 3.6595e-01 3.1290e-08
1.2041e-03 3.6659e-01 3.1187e-08
1.2124e-03 3.6723e-01 3.1084e-08
1.2209e-03 3.6786e-01 3.0980e-08
1.2293e-03 3.6850e-01 3.0877e-08
1.2379e-03 3.6913e-01 3.0774e-08
1.2465e-03 3.6976e-01 3.0671e-08
1.2551e-03 3.7039e-01 3.0568e-08
1.2638e-03 3.7101e-01 3.0465e-08
1.2726e-03 3.7164e-01 3.0363e-08
1.2814e-03 3.7226e-01 3.0260e-08
1.2903e-03 3.7288e-01 3.0157e-08
1.2993e-03 3.7350e-01 3.0054e-08
1.3083e-03 3.7411e-01 2.9952e-08
1.3174e-03 3.7472e-01 2.9849e-08
1.3265e-03 3.7533e-01 2.9747e-08
1.3357e-03 3.7594e-01 2.9644e-08
1.3450e-03 3.7655e-01 2.9542e-08
1.3543e-03 3.7715e-01 2.9440e-08
1.3637e-03 3.7775e-01 2.9338e-08
1.3732e-03 3.7835e-01 2.9236e-08
1.3827e-03 3.7895e-01 2.9134e-08
1.3923e-03 3.7954e-01 2.9032e-08
1.4020e-03 3.8013e-01 2.8930e-08
1.4117e-03 3.8072e-01 2.8828e-08
1.4215e-03 3.8131e-01 2.8727e-08
1.4313e-03 3.8190e-01 2.8625e-08
1.4413e-03 3.8248e-01 2.8524e-08
1.4513e-03 3.8306e-01 2.8423e-08
1.4614e-03 3.8364e-01 2.8321e-08
1.4715e-03 3.8422e-01 2.8220e-08
1.4817e-03 3.8479e-01 2.8119e-08
1.4920e-03 3.8536e-01 2.8019e-08
1.5023e-03 3.8593e-01 2.7918e-08
1.5128e-03 3.8650e-01 2.7817e-08
1.5233e-03 3.8707e-01 2.7717e-08
1.5338e-03 3.8763e-01 2.7616e-08
1.5445e-03 3.8819e-01 2.7516e-08
1.5552e-03 3.8875e-01 2.7416e-08
1.5660e-03 3.8931e-01 2.7316e-08
1.5769e-03 3.8986e-01 2.7216e-08
1.5878e-03 3.9041e-01 2.7117e-08
1.5988e-03 3.9096e-01 2.7017e-08
1.6099e-03 3.9151e-01 2.6918e-08
1.6211e-03 3.9205e-01 2.6819e-08
1.6323e-03 3.9260e-01 2.6720e-08
1.6437e-03 3.9314e-01 2.6621e-08
1.6551e-03 3.9368e-01 2.6522e-08
1.6666e-03 3.9421e-01 2.6423e-08
1.6781e-03 3.9475e-01 2.6325e-08
1.6898e-03 3.9528e-01 2.6227e-08
1.7015e-03 3.9581e-01 2.6128e-08
1.7133e-03 3.9634e-01 2.6030e-08
1.7252e-03 3.9686e-01 2.5933e-08
1.7372e-03 3.9739e-01 2.5835e-08
1.7492e-03 3.9791e-01 2.5738e-08
1.7614e-03 3.9843e-01 2.5640e-08
1.7736e-03 3.9894e-01 2.5543e-08
1.7859e-03 3.9946e-01 2.5446e-08
1.7983e-03 3.9997e-01 2.5349e-08
1.8108e-03 4.0048e-01 2.5253e-08
1.8233e-03 4.0099e-01 2.5156e-08
1.8360e-03 4.0149e-01 2.5060e-08
1.8487e-03 4.0200e-01 2.4964e-08
1.8616e-03 4.0250e-01 2.4868e-08
1.8745e-03 4.0300e-01 2.4773e-08
1.8875e-03 4.0349e-01 2.4677e-08
1.9006e-03 4.0399e-01 2.4582e-08
1.9138e-03 4.0448e-01 2.4487e-08
1.9270e-03 4.0497e-01 2.4392e-08
1.9404e-03 4.0546e-01 2.4297e-08
1.9539e-03 4.0594e-01 2.4203e-08
1.9674e-03 4.0643e-01 2.4108e-08
1.9811e-03 4.0691e-01 2.4014e-08
1.9948e-03 4.0739e-01 2.3920e-08
2.0087e-03 4.0787e-01 2.3827e-08
2.0226e-03 4.0834e-01 2.3733e-08
2.0367e-03 4.0882e-01 2.3640e-08
2.0508e-03 4.0929e-01 2.3547e-08
2.0650e-03 4.0976e-01 2.3454e-08
2.0794e-03 4.1023e-01 2.3361e-08
2.0938e-03 4.1069e-01 2.3269e-08
2.1083e-03 4.1115e-01 2.3177e-08
2.1230e-03 4.1161e-01 2.3085e-08
2.1377e-03 4.1207e-01 2.2993e-08
2.1525e-03 4.1253e-01 2.2902e-08
2.1675e-03 4.1299e-01 2.2810e-08
2.1825e-03 4.1344e-01 2.2719e-08
2.1976e-03 4.1389e-01 2.2628e-08
2.2129e-03 4.1434e-01 2.2538e-08
2.2283e-03 4.1478e-01 2.2447e-08
2.2437e-03 4.1523e-01 2.2357e-08
2.2593e-03 4.1567e-01 2.2267e-08
2.2750e-03 4.1611e-01 2.2177e-08
2.2908e-03 4.1655e-01 2.2088e-08
2.3067e-03 4.1699e-01 2.1998e-08
2.3227e-03 4.1742e-01 2.1909e-08
2.3388e-03 4.1785e-01 2.1820e-08
2.3550e-03 4.1828e-01 2.1732e-08
2.3713e-03 4.1871e-01 2.1643e-08
2.3878e-03 4.1914e-01 2.1555e-08
2.4044e-03 4.1956e-01 2.1467e-08
2.4211e-03 4.1999e-01 2.1380e-08
2.4379e-03 4.2041e-01 2.1292e-08
2.4548e-03 4.2083e-01 2.1205e-08
2.4718e-03 4.2124e-01 2.1118e-08
2.4890e-03 4.2166e-01 2.1032e-08
2.5062e-03 4.2207e-01 2.0945e-08
2.5236e-03 4.2248e-01 2.0859e-08
2.5411e-03 4.2289e-01 2.0773e-08
2.5588e-03 4.2330e-01 2.0687e-08
2.5765e-03 4.2370e-01 2.0602e-08
2.5944e-03 4.2411e-01 2.0517e-08
2.6124e-03 4.2451e-01 2.0432e-08
2.6306e-03 4.2491e-01 2.0347e-08
2.6488e-03 4.2531e-01 2.0262e-08
2.6672e-03 4.2570e-01 2.0178e-08
2.6857e-03 4.2610e-01 2.0094e-08
2.7043e-03 4.2649e-01 2.0010e-08
2.7231e-03 4.2688e-01 1.9927e-08
2.7420e-03 4.2727e-01 1.9844e-08
2.7610e-03 4.2766e-01 1.9761e-08
2.7802e-03 4.2804e-01 1.9678e-08
2.7995e-03 4.2843e-01 1.9596e-08
2.8189e-03 4.2881e-01 1.9514e-08
2.8385e-03 4.2919e-01 1.9432e-08
2.8582e-03 4.2957e-01 1.9350e-08
2.8780e-03 4.2994e-01 1.9268e-08
2.8980e-03 4.3032e-01 1.9187e-08
2.9181e-03 4.3069e-01 1.9106e-08
2.9383e-03 4.3106e-01 1.9026e-08
2.9587e-03 4.3143e-01 1.8945e-08
2.9793e-03 4.3180e-01 1.8865e-08
2.9999e-03 4.3217e-01 1.8785e-08
3.0208e-03 4.3253e-01 1.8706e-08
3.0417e-03 4.3289e-01 1.8626e-08
3.0628e-03 4.3325e-01 1.8547e-08
3.0841e-03 4.3361e-01 1.8469e-08
3.1055e-03 4.3397e-01 1.8390e-08
3.1270e-03 4.3433e-01 1.8312e-08
3.1487e-03 4.3468e-01 1.8234e-08
3.1706e-03 4.3504e-01 1.8156e-08
3.1926e-03 4.3539e-01 1.8078e-08
3.2147e-03 4.3574e-01 1.8001e-08
3.2371e-03 4.3609e-01 1.7924e-08
3.2595e-03 4.3643e-01 1.7848e-08
3.2821e-03 4.3678e-01 1.7771e-08
3.3049e-03 4.3712e-01 1.7695e-08
3.3279e-03 4.3746e-01 1.7619e-08
3.3509e-03 4.3780e-01 1.7543e-08
3.3742e-03 4.3814e-01 1.7468e-08
3.3976e-03 4.3848e-01 1.7393e-08
3.4212e-03 4.3881e-01 1.7318e-08
3.4449e-03 4.3915e-01 1.7244e-08
3.4688e-03 4.3948e-01 1.7169e-08
3.4929e-03 4.3981e-01 1.7095e-08
3.5172e-03 4.4014e-01 1.7022e-08
3.5416e-03 4.4047e-01 1.6948e-08
3.5661e-03 4.4080e-01 1.6875e-08
3.5909e-03 4.4112e-01 1.6802e-08
3.6158e-03 4.4145e-01 1.6729e-08
3.6409e-03 4.4177e-01 1.6657e-08
3.6662e-03 4.4209e-01 1.6585e-08
3.6916e-03 4.4241e-01 1.6513e-08
3.7172e-03 4.4273e-01 1.6441e-08
3.7430e-03 4.4305e-01 1.6370e-08
3.7690e-03 4.4337e-01 1.6299e-08
3.7952e-03 4.4368e-01 1.6228e-08
3.8215e-03 4.4399e-01 1.6157e-08
3.8480e-03 4.4431e-01 1.6087e-08
3.8747e-03 4.4462e-01 1.6017e-08
3.9016e-03 4.4493e-01 1.5948e-08
3.9287e-03 4.4523e-01 1.5878e-08
3.9559e-03 4.4554e-01 1.5809e-08
3.9834e-03 4.4585e-01 1.5740e-08
4.0110e-03 4.4615e-01 1.5671e-08
4.0389e-03 4.4645e-01 1.5603e-08
4.0669e-03 4.4676e-01 1.5535e-08
4.0951e-03 4.4706e-01 1.5467e-08
4.1235e-03 4.4736e-01 1.5400e-08
4.1522e-03 4.4765e-01 1.5332e-08
4.1810e-03 4.4795e-01 1.5265e-08
4.2100e-03 4.4825e-01 1.5199e-08
4.2392e-03 4.4854e-01 1.5132e-08
4.2686e-03 4.4884e-01 1.5066e-08
4.2982e-03 4.4913e-01 1.5000e-08
4.3281e-03 4.4942e-01 1.4934e-08
4.3581e-03 4.4971e-01 1.4869e-08
4.3884e-03 4.5000e-01 1.4804e-08
4.4188e-03 4.5029e-01 1.4739e-08
4.4495e-03 4.5058e-01 1.4675e-08
4.4803e-03 4.5086e-01 1.4610e-08
4.5114e-03 4.5115e-01 1.4546e-08
4.5427e-03 4.5143e-01 1.4483e-08
4.5743e-03 4.5172e-01 1.4419e-08
4.6060e-03 4.5200e-01 1.4356e-08
4.6380e-03 4.5228e-01 1.4293e-08
4.6702e-03 4.5256e-01 1.4230e-08
4.7026e-03 4.5284e-01 1.4168e-08
4.7352e-03 4.5312e-01 1.4106e-08
4.7681e-03 4.5340e-01 1.4044e-08
4.8012e-03 4.5367e-01 1.3982e-08
4.8345e-03 4.5395e-01 1.3921e-08
4.8680e-03 4.5423e-01 1.3860e-08
4.9018e-03 4.5450e-01 1.3799e-08
4.9358e-03 4.5477e-01 1.3739e-08
4.9701e-03 4.5505e-01 1.3678e-08
5.0046e-03 4.5532e-01 1.3619e-08
5.0393e-03 4.5559e-01 1.3559e-08
5.0743e-03 4.5586e-01 1.3499e-08
5.1095e-03 4.5613e-01 1.3440e-08
5.1449e-03 4.5640e-01 1.3381e-08
5.1806e-03 4.5667e-01 1.3323e-08
5.2166e-03 4.5693e-01 1.3264e-08
5.2528e-03 4.5720e-01 1.3206e-08
5.2893e-03 4.5747e-01 1.3149e-08
5.3260e-03 4.5773e-01 1.3091e-08
5.3629e-03 4.5800e-01 1.3034e-08
5.4001e-03 4.5826e-01 1.2977e-08
5.4376e-03 4.5852e-01 1.2920e-08
5.4753e-03 4.5879e-01 1.2863e-08
5.5133e-03 4.5905e-01 1.2807e-08
5.5516e-03 4.5931e-01 1.2751e-08
5.5901e-03 4.5957e-01 1.2696e-08
5.6289e-03 4.5983e-01 1.2640e-08
5.6680e-03 4.6009e-01 1.2585e-08
5.7073e-03 4.6035e-01 1.2530e-08
5.7469e-03 4.6061e-01 1.2476e-08
5.7868e-03 4.6087e-01 1.2421e-08
5.8270e-03 4.6113e-01 1.2367e-08
5.8674e-03 4.6139e-01 1.2313e-08
5.9081e-03 4.6165e-01 1.2260e-08
5.9491e-03 4.6190e-01 1.2207e-08
5.9904e-03 4.6216e-01 1.2154e-08
6.0320e-03 4.6242e-01 1.2101e-08
6.0738e-03 4.6267e-01 1.2048e-08
6.1160e-03 4.6293e-01 1.1996e-08
6.1584e-03 4.6319e-01 1.1944e-08
6.2012e-03 4.6344e-01 1.1893e-08
6.2442e-03 4.6370e-01 1.1841e-08
6.2875e-03 4.6395e-01 1.1790e-08
6.3312e-03 4.6421e-01 1.1739e-08
6.3751e-03 4.6446e-01 1.1689e-08
6.4193e-03 4.6472e-01 1.1638e-08
6.4639e-03 4.6497e-01 1.1588e-08
6.5087e-03 4.6522e-01 1.1538e-08
6.5539e-03 4.6548e-01 1.1489e-08
6.5994e-03 4.6573e-01 1.1440e-08
6.6452e-03 4.6599e-01 1.1390e-08
6.6913e-03 4.6624e-01 1.1342e-08
6.7377e-03 4.6649e-01 1.1293e-08
6.7845e-03 4.6675e-01 1.1245e-08
6.8316e-03 4.6700e-01 1.1197e-08
6.8790e-03 4.6726e-01 1.1149e-08
6.9267e-03 4.6751e-01 1.1102e-08
6.9748e-03 4.6776e-01 1.1055e-08
7.0232e-03 4.6802e-01 1.1008e-08
7.0719e-03 4.6827e-01 1.0961e-08
7.1210e-03 4.6853e-01 1.0915e-08
7.1704e-03 4.6878e-01 1.0869e-08
7.2202e-03 4.6904e-01 1.0823e-08
7.2703e-03 4.6929e-01 1.0777e-08
7.3208e-03 4.6955e-01 1.0732e-08
7.3716e-03 4.6980e-01 1.0687e-08
7.4227e-03 4.7006e-01 1.0642e-08
7.4742e-03 4.7032e-01 1.0597e-08
7.5261e-03 4.7057e-01 1.0553e-08
7.5783e-03 4.7083e-01 1.0509e-08
7.6309e-03 4.7109e-01 1.0465e-08
7.6839e-03 4.7134e-01 1.0422e-08
7.7372e-03 4.7160e-01 1.0378e-08
7.7909e-03 4.7186e-01 1.0335e-08
7.8450e-03 4.7212e-01 1.0293e-08
7.8994e-03 4.7238e-01 1.0250e-08
7.9542e-03 4.7264e-01 1.0208e-08
8.0094e-03 4.7290e-01 1.0166e-08
8.0650e-03 4.7316e-01 1.0125e-08
8.1210e-03 4.7342e-01 1.0083e-08
8.1773e-03 4.7369e-01 1.0042e-08
8.2341e-03 4.7395e-01 1.0001e-08
8.2912e-03 4.7421e-01 9.9605e-09
8.3487e-03 4.7448e-01 9.9201e-09
8.4067e-03 4.7474e-01 9.8800e-09
8.4650e-03 4.7501e-01 9.8402e-09
8.5238e-03 4.7528e-01 9.8006e-09
8.5829e-03 4.7554e-01 9.7614e-09
8.6425e-03 4.7581e-01 9.7223e-09
8.7025e-03 4.7608e-01 9.6835e-09
8.7628e-03 4.7635e-01 9.6450e-09
8.8237e-03 4.7662e-01 9.6068e-09
8.8849e-03 4.7690e-01 9.5688e-09
8.9466e-03 4.7717e-01 9.5311e-09
9.0086e-03 4.7744e-01 9.4936e-09
9.0712e-03 4.7772e-01 9.4565e-09
9.1341e-03 4.7799e-01 9.4195e-09
9.1975e-03 4.7827e-01 9.3829e-09
9.2613e-03 4.7855e-01 9.3465e-09
9.3256e-03 4.7883e-01 9.3104e-09
9.3903e-03 4.7911e-01 9.2745e-09
9.4555e-03 4.7939e-01 9.2389e-09
9.5211e-03 4.7967e-01 9.2036e-09
9.5872e-03 4.7996e-01 9.1685e-09
9.6537e-03 4.8024e-01 9.1337e-09
9.7207e-03 4.8053e-01 9.0992e-09
9.7881e-03 4.8082e-01 9.0649e-09
9.8561e-03 4.8111e-01 9.0309e-09
9.9245e-03 4.8140e-01 8.9972e-09
9.9933e-03 4.8169e-01 8.9638e-09
1.0063e-02 4.8198e-01 8.9306e-09
1.0133e-02 4.8228e-01 8.8977e-09
1.0203e-02 4.8257e-01 8.8650e-09
1.0274e-02 4.8287e-01 8.8326e-09
1.0345e-02 4.8317e-01 8.8005e-09
1.0417e-02 4.8347e-01 8.7687e-09
1.0489e-02 4.8377e-01 8.7371e-09
1.0562e-02 4.8408e-01 8.7059e-09
1.0635e-02 4.8438e-01 8.6748e-09
1.0709e-02 4.8469e-01 8.6441e-09
1.0783e-02 4.8500e-01 8.6136e-09
1.0858e-02 4.8531e-01 8.5834e-09
1.0933e-02 4.8562e-01 8.5535e-09
1.1009e-02 4.8593e-01 8.5239e-09
1.1086e-02 4.8625e-01 8.4945e-09
1.1163e-02 4.8657e-01 8.4654e-09
1.1240e-02 4.8689e-01 8.4366e-09
1.1318e-02 4.8721e-01 8.4081e-09
1.1397e-02 4.8753e-01 8.3798e-09
1.1476e-02 4.8785e-01 8.3519e-09
1.1555e-02 4.8818e-01 8.3242e-09
1.1636e-02 4.8851e-01 8.2968e-09
1.1716e-02 4.8884e-01 8.2696e-09
1.1798e-02 4.8917e-01 8.2428e-09
1.1879e-02 4.8951e-01 8.2162e-09
1.1962e-02 4.8984e-01 8.1900e-09
1.2045e-02 4.9018e-01 8.1640e-09
1.2128e-02 4.9052e-01 8.1383e-09
1.2213e-02 4.9086e-01 8.1129e-09
1.2297e-02 4.9121e-01 8.0877e-09
1.2383e-02 4.9155e-01 8.0629e-09
1.2469e-02 4.9190e-01 8.0384e-09
1.2555e-02 4.9225e-01 8.0141e-09
1.2642e-02 4.9260e-01 7.9902e-09
1.2730e-02 4.9296e-01 7.9665e-09
1.2818e-02 4.9331e-01 7.9431e-09
1.2907e-02 4.9367e-01 7.9201e-09
1.2997e-02 4.9403e-01 7.8973e-09
1.3087e-02 4.9439e-01 7.8749e-09
1.3178e-02 4.9476e-01 7.8527e-09
1.3269e-02 4.9512e-01 7.8308e-09
1.3361e-02 4.9549e-01 7.8093e-09
1.3454e-02 4.9586e-01 7.7880e-09
1.3548e-02 4.9623e-01 7.7671e-09
1.3642e-02 4.9661e-01 7.7464e-09
1.3736e-02 4.9699e-01 7.7261e-09
1.3832e-02 4.9736e-01 7.7061e-09
1.3928e-02 4.9775e-01 7.6864e-09
1.4024e-02 4.9813e-01 7.6670e-09
1.4122e-02 4.9851e-01 7.6479e-09
1.4220e-02 4.9890e-01 7.6292e-09
1.4318e-02 4.9929e-01 7.6107e-09
1.4418e-02 4.9968e-01 7.5926e-09
1.4518e-02 5.0007e-01 7.5748e-09
1.4618e-02 5.0046e-01 7.5573e-09
1.4720e-02 5.0086e-01 7.5402e-09
1.4822e-02 5.0125e-01 7.5234e-09
1.4925e-02 5.0165e-01 7.5069e-09
1.5028e-02 5.0205e-01 7.4908e-09
1.5133e-02 5.0246e-01 7.4750e-09
1.5238e-02 5.0286e-01 7.4595e-09
1.5343e-02 5.0327e-01 7.4444e-09
1.5450e-02 5.0367e-01 7.4296e-09
1.5557e-02 5.0408e-01 7.4152e-09
1.5665e-02 5.0449e-01 7.4011e-09
1.5774e-02 5.0490e-01 7.3874e-09
1.5883e-02 5.0531e-01 7.3740e-09
1.5994e-02 5.0572e-01 7.3609e-09
1.6105e-02 5.0614e-01 7.3483e-09
1.6216e-02 5.0655e-01 7.3360e-09
1.6329e-02 5.0697e-01 7.3240e-09
1.6442e-02 5.0738e-01 7.3124e-09
1.6556e-02 5.0780e-01 7.3012e-09
1.6671e-02 5.0822e-01 7.2904e-09
1.6787e-02 5.0863e-01 7.2799e-09
1.6903e-02 5.0905e-01 7.2698e-09
1.7021e-02 5.0947e-01 7.2601e-09
1.7139e-02 5.0989e-01 7.2508e-09
1.7258e-02 5.1030e-01 7.2419e-09
1.7377e-02 5.1072e-01 7.2334e-09
1.7498e-02 5.1114e-01 7.2252e-09
1.7619e-02 5.1155e-01 7.2175e-09
1.7742e-02 5.1197e-01 7.2102e-09
1.7865e-02 5.1238e-01 7.2032e-09
1.7989e-02 5.1279e-01 7.1967e-09
1.8114e-02 5.1320e-01 7.1906e-09
1.8239e-02 5.1361e-01 7.1850e-09
1.8366e-02 5.1402e-01 7.1797e-09
1.8493e-02 5.1443e-01 7.1749e-09
1.8622e-02 5.1483e-01 7.1705e-09
1.8751e-02 5.1523e-01 7.1665e-09
1.8881e-02 5.1563e-01 7.1630e-09
1.9012e-02 5.1602e-01 7.1599e-09
1.9144e-02 5.1642e-01 7.1573e-09
1.9277e-02 5.1680e-01 7.1552e-09
1.9411e-02 5.1719e-01 7.1535e-09
1.9545e-02 5.1757e-01 7.1522e-09
1.9681e-02 5.1795e-01 7.1515e-09
1.9818e-02 5.1832e-01 7.1512e-09
1.9955e-02 5.1868e-01 7.1514e-09
2.0094e-02 5.1904e-01 7.1521e-09
2.0233e-02 5.1940e-01 7.1533e-09
2.0373e-02 5.1975e-01 7.1550e-09
2.0515e-02 5.2009e-01 7.1572e-09
2.0657e-02 5.2042e-01 7.1599e-09
2.0801e-02 5.2075e-01 7.1631e-09
2.0945e-02 5.2107e-01 7.1668e-09
2.1090e-02 5.2138e-01 7.1711e-09
2.1237e-02 5.2168e-01 7.1759e-09
2.1384e-02 5.2198e-01 7.1813e-09
2.1532e-02 5.2226e-01 7.1872e-09
2.1682e-02 5.2254e-01 7.1937e-09
2.1832e-02 5.2280e-01 7.2008e-09
2.1984e-02 5.2305e-01 7.2084e-09
2.2136e-02 5.2329e-01 7.2166e-09
2.2290e-02 5.2352e-01 7.2254e-09
2.2445e-02 5.2374e-01 7.2349e-09
2.2600e-02 5.2394e-01 7.2449e-09
2.2757e-02 5.2413e-01 7.2555e-09
2.2915e-02 5.2431e-01 7.2668e-09
2.3074e-02 5.2447e-01 7.2787e-09
2.3234e-02 5.2461e-01 7.2913e-09
2.3396e-02 5.2474e-01 7.3045e-09
2.3558e-02 5.2485e-01 7.3184e-09
2.3721e-02 5.2494e-01 7.3329e-09
2.3886e-02 5.2501e-01 7.3482e-09
2.4052e-02 5.2507e-01 7.3641e-09
2.4219e-02 5.2511e-01 7.3808e-09
2.4387e-02 5.2512e-01 7.3982e-09
2.4556e-02 5.2512e-01 7.4163e-09
2.4726e-02 5.2509e-01 7.4352e-09
2.4898e-02 5.2504e-01 7.4548e-09
2.5071e-02 5.2496e-01 7.4752e-09
2.5245e-02 5.2487e-01 7.4964e-09
2.5420e-02 5.2474e-01 7.5184e-09
2.5596e-02 5.2459e-01 7.5412e-09
2.5774e-02 5.2442e-01 7.5648e-09
2.5953e-02 5.2421e-01 7.5892e-09
2.6133e-02 5.2398e-01 7.6146e-09
2.6314e-02 5.2372e-01 7.6407e-09
2.6497e-02 5.2343e-01 7.6678e-09
2.6681e-02 5.2311e-01 7.6958e-09
2.6866e-02 5.2276e-01 7.7247e-09
2.7052e-02 5.2237e-01 7.7546e-09
2.7240e-02 5.2195e-01 7.7854e-09
2.7429e-02 5.2150e-01 7.8171e-09
2.7620e-02 5.2101e-01 7.8499e-09
2.7811e-02 5.2049e-01 7.8837e-09
2.8004e-02 5.1993e-01 7.9185e-09
2.8199e-02 5.1933e-01 7.9544e-09
2.8394e-02 5.1869e-01 7.9914e-09
2.8591e-02 5.1802e-01 8.0295e-09
2.8790e-02 5.1730e-01 8.0686e-09
2.8989e-02 5.1655e-01 8.1090e-09
2.9191e-02 5.1575e-01 8.1505e-09
2.9393e-02 5.1491e-01 8.1932e-09
2.9597e-02 5.1402e-01 8.2371e-09
2.9803e-02 5.1310e-01 8.2823e-09
3.0009e-02 5.1212e-01 8.3288e-09
3.0218e-02 5.1111e-01 8.3766e-09
3.0427e-02 5.1004e-01 8.4257e-09
3.0638e-02 5.0894e-01 8.4762e-09
3.0851e-02 5.0778e-01 8.5280e-09
3.1065e-02 5.0657e-01 8.5814e-09
3.1281e-02 5.0532e-01 8.6362e-09
3.1498e-02 5.0402e-01 8.6925e-09
3.1716e-02 5.0267e-01 8.7503e-09
3.1937e-02 5.0127e-01 8.8097e-09
3.2158e-02 4.9982e-01 8.8708e-09
3.2381e-02 4.9832e-01 8.9335e-09
3.2606e-02 4.9677e-01 8.9979e-09
3.2832e-02 4.9517e-01 9.0641e-09
3.3060e-02 4.9352e-01 9.1320e-09
3.3290e-02 4.9182e-01 9.2018e-09
3.3521e-02 4.9006e-01 9.2735e-09
3.3753e-02 4.8826e-01 9.3472e-09
3.3987e-02 4.8640e-01 9.4228e-09
3.4223e-02 4.8449e-01 9.5005e-09
3.4461e-02 4.8254e-01 9.5803e-09
3.4700e-02 4.8053e-01 9.6623e-09
3.4941e-02 4.7847e-01 9.7465e-09
3.5183e-02 4.7636e-01 9.8330e-09
3.5427e-02 4.7421e-01 9.9218e-09
3.5673e-02 4.7200e-01 1.0013e-08
3.5921e-02 4.6975e-01 1.0107e-08
3.6170e-02 4.6745e-01 1.0203e-08
3.6421e-02 4.6510e-01 1.0302e-08
3.6674e-02 4.6271e-01 1.0404e-08
3.6928e-02 4.6027e-01 1.0509e-08
3.7185e-02 4.5779e-01 1.0616e-08
3.7443e-02 4.5526e-01 1.0727e-08
3.7703e-02 4.5269e-01 1.0840e-08
3.7964e-02 4.5008e-01 1.0957e-08
3.8228e-02 4.4743e-01 1.1077e-08
3.8493e-02 4.4475e-01 1.1201e-08
3.8760e-02 4.4202e-01 1.1328e-08
3.9029e-02 4.3926e-01 1.1459e-08
3.9300e-02 4.3647e-01 1.1593e-08
3.9573e-02 4.3364e-01 1.1731e-08
3.9847e-02 4.3078e-01 1.1874e-08
4.0124e-02 4.2789e-01 1.2020e-08
4.0402e-02 4.2497e-01 1.2171e-08
4.0683e-02 4.2203e-01 1.2326e-08
4.0965e-02 4.1906e-01 1.2486e-08
4.1249e-02 4.1607e-01 1.2650e-08
4.1535e-02 4.1306e-01 1.2820e-08
4.1824e-02 4.1003e-01 1.2994e-08
4.2114e-02 4.0698e-01 1.3174e-08
4.2406e-02 4.0391e-01 1.3359e-08
4.2700e-02 4.0083e-01 1.3550e-08
4.2997e-02 3.9774e-01 1.3747e-08
4.3295e-02 3.9464e-01 1.3950e-08
4.3596e-02 3.9153e-01 1.4159e-08
4.3898e-02 3.8842e-01 1.4375e-08
4.4203e-02 3.8530e-01 1.4597e-08
4.4510e-02 3.8218e-01 1.4827e-08
4.4818e-02 3.7906e-01 1.5063e-08
4.5129e-02 3.7594e-01 1.5308e-08
4.5443e-02 3.7282e-01 1.5560e-08
4.5758e-02 3.6971e-01 1.5820e-08
4.6076e-02 3.6660e-01 1.6089e-08
4.6395e-02 3.6350e-01 1.6366e-08
4.6717e-02 3.6042e-01 1.6652e-08
4.7041e-02 3.5734e-01 1.6948e-08
4.7368e-02 3.5428e-01 1.7254e-08
4.7697e-02 3.5123e-01 1.7569e-08
4.8028e-02 3.4821e-01 1.7896e-08
4.8361e-02 3.4519e-01 1.8233e-08
4.8697e-02 3.4220e-01 1.8582e-08
4.9034e-02 3.3924e-01 1.8942e-08
4.9375e-02 3.3629e-01 1.9315e-08
4.9717e-02 3.3337e-01 1.9700e-08
5.0062e-02 3.3047e-01 2.0099e-08
5.0410e-02 3.2760e-01 2.0511e-08
5.0760e-02 3.2476e-01 2.0938e-08
5.1112e-02 3.2195e-01 2.1379e-08
5.1467e-02 3.1916e-01 2.1836e-08
5.1824e-02 3.1641e-01 2.2309e-08
5.2183e-02 3.1369e-01 2.2799e-08
5.2546e-02 3.1100e-01 2.3306e-08
5.2910e-02 3.0835e-01 2.3831e-08
5.3277e-02 3.0573e-01 2.4374e-08
5.3647e-02 3.0314e-01 2.4938e-08
5.4019e-02 3.0059e-01 2.5521e-08
5.4394e-02 2.9808e-01 2.6126e-08
5.4772e-02 2.9560e-01 2.6752e-08
5.5152e-02 2.9317e-01 2.7401e-08
5.5535e-02 2.9076e-01 2.8074e-08
5.5920e-02 2.8840e-01 2.8772e-08
5.6308e-02 2.8608e-01 2.9496e-08
5.6699e-02 2.8379e-01 3.0246e-08
5.7092e-02 2.8154e-01 3.1023e-08
5.7488e-02 2.7933e-01 3.1830e-08
5.7887e-02 2.7716e-01 3.2667e-08
5.8289e-02 2.7503e-01 3.3535e-08
5.8694e-02 2.7294e-01 3.4436e-08
5.9101e-02 2.7088e-01 3.5370e-08
5.9511e-02 2.6887e-01 3.6340e-08
5.9924e-02 2.6689e-01 3.7346e-08
6.0340e-02 2.6496e-01 3.8391e-08
6.0759e-02 2.6306e-01 3.9475e-08
6.1180e-02 2.6120e-01 4.0601e-08
6.1605e-02 2.5937e-01 4.1770e-08
6.2032e-02 2.5759e-01 4.2984e-08
6.2463e-02 2.5584e-01 4.4244e-08
6.2896e-02 2.5413e-01 4.5553e-08
6.3333e-02 2.5246e-01 4.6912e-08
6.3772e-02 2.5082e-01 4.8325e-08
6.4215e-02 2.4922e-01 4.9792e-08
6.4660e-02 2.4766e-01 5.1316e-08
6.5109e-02 2.4613e-01 5.2899e-08
6.5561e-02 2.4464e-01 5.4545e-08
6.6016e-02 2.4318e-01 5.6255e-08
6.6474e-02 2.4175e-01 5.8032e-08
6.6935e-02 2.4036e-01 5.9879e-08
6.7400e-02 2.3900e-01 6.1799e-08
6.7868e-02 2.3767e-01 6.3794e-08
6.8339e-02 2.3638e-01 6.5869e-08
6.8813e-02 2.3511e-01 6.8025e-08
6.9290e-02 2.3388e-01 7.0268e-08
6.9771e-02 2.3268e-01 7.2599e-08
7.0255e-02 2.3150e-01 7.5024e-08
7.0743e-02 2.3036e-01 7.7545e-08
7.1234e-02 2.2925e-01 8.0167e-08
7.1728e-02 2.2816e-01 8.2894e-08
7.2226e-02 2.2710e-01 8.5730e-08
7.2727e-02 2.2607e-01 8.8680e-08
7.3232e-02 2.2506e-01 9.1749e-08
7.3740e-02 2.2409e-01 9.4942e-08
7.4252e-02 2.2313e-01 9.8263e-08
7.4767e-02 2.2221e-01 1.0172e-07
7.5286e-02 2.2130e-01 1.0531e-07
7.5808e-02 2.2042e-01 1.0905e-07
7.6335e-02 2.1957e-01 1.1295e-07
7.6864e-02 2.1873e-01 1.1700e-07
7.7398e-02 2.1792e-01 1.2121e-07
7.7935e-02 2.1714e-01 1.2560e-07
7.8476e-02 2.1637e-01 1.3016e-07
7.9020e-02 2.1562e-01 1.3491e-07
7.9569e-02 2.1490e-01 1.3986e-07
8.0121e-02 2.1419e-01 1.4501e-07
8.0677e-02 2.1350e-01 1.5036e-07
8.1237e-02 2.1284e-01 1.5594e-07
8.1800e-02 2.1219e-01 1.6175e-07
8.2368e-02 2.1156e-01 1.6779e-07
8.2940e-02 2.1095e-01 1.7408e-07
8.3515e-02 2.1035e-01 1.8063e-07
8.4095e-02 2.0977e-01 1.8745e-07
8.4678e-02 2.0921e-01 1.9455e-07
8.5266e-02 2.0867e-01 2.0195e-07
8.5858e-02 2.0813e-01 2.0964e-07
8.6454e-02 2.0762e-01 2.1766e-07
8.7054e-02 2.0712e-01 2.2601e-07
8.7658e-02 2.0663e-01 2.3470e-07
8.8266e-02 2.0616e-01 2.4375e-07
8.8879e-02 2.0570e-01 2.5317e-07
8.9495e-02 2.0526e-01 2.6299e-07
9.0116e-02 2.0483e-01 2.7321e-07
9.0742e-02 2.0441e-01 2.8385e-07
9.1371e-02 2.0400e-01 2.9494e-07
9.2006e-02 2.0361e-01 3.0649e-07
9.2644e-02 2.0322e-01 3.1851e-07
9.3287e-02 2.0285e-01 3.3104e-07
9.3934e-02 2.0249e-01 3.4409e-07
9.4586e-02 2.0214e-01 3.5768e-07
9.5243e-02 2.0180e-01 3.7183e-07
9.5904e-02 2.0147e-01 3.8657e-07
9.6569e-02 2.0115e-01 4.0193e-07
9.7239e-02 2.0084e-01 4.1793e-07
9.7914e-02 2.0054e-01 4.3459e-07
9.8594e-02 2.0025e-01 4.5195e-07
9.9278e-02 1.9997e-01 4.7003e-07
9.9967e-02 1.9970e-01 4.8887e-07
1.0066e-01 1.9943e-01 5.0850e-07
1.0136e-01 1.9917e-01 5.2894e-07
1.0206e-01 1.9892e-01 5.5024e-07
1.0277e-01 1.9868e-01 5.7242e-07
1.0348e-01 1.9845e-01 5.9554e-07
1.0420e-01 1.9822e-01 6.1962e-07
1.0493e-01 1.9800e-01 6.4471e-07
1.0565e-01 1.9779e-01 6.7085e-07
1.0639e-01 1.9758e-01 6.9808e-07
1.0712e-01 1.9738e-01 7.2646e-07
1.0787e-01 1.9719e-01 7.5602e-07
1.0862e-01 1.9700e-01 7.8682e-07
1.0937e-01 1.9682e-01 8.1891e-07
1.1013e-01 1.9664e-01 8.5234e-07
1.1089e-01 1.9647e-01 8.8717e-07
1.1166e-01 1.9631e-01 9.2347e-07
1.1244e-01 1.9615e-01 9.6129e-07
1.1322e-01 1.9600e-01 1.0007e-06
1.1400e-01 1.9585e-01 1.0417e-06
1.1480e-01 1.9570e-01 1.0845e-06
1.1559e-01 1.9556e-01 1.1291e-06
1.1639e-01 1.9543e-01 1.1755e-06
1.1720e-01 1.9530e-01 1.2239e-06
1.1802e-01 1.9517e-01 1.2744e-06
1.1883e-01 1.9505e-01 1.3269e-06
1.1966e-01 1.9493e-01 1.3817e-06
1.2049e-01 1.9482e-01 1.4387e-06
1.2133e-01 1.9471e-01 1.4981e-06
1.2217e-01 1.9460e-01 1.5601e-06
1.2302e-01 1.9450e-01 1.6246e-06
1.2387e-01 1.9440e-01 1.6919e-06
1.2473e-01 1.9431e-01 1.7620e-06
1.2559e-01 1.9422e-01 1.8350e-06
1.2647e-01 1.9413e-01 1.9111e-06
1.2734e-01 1.9404e-01 1.9904e-06
1.2823e-01 1.9396e-01 2.0730e-06
1.2912e-01 1.9388e-01 2.1591e-06
1.3001e-01 1.9380e-01 2.2488e-06
1.3091e-01 1.9373e-01 2.3423e-06
1.3182e-01 1.9366e-01 2.4397e-06
1.3274e-01 1.9359e-01 2.5412e-06
1.3366e-01 1.9353e-01 2.6470e-06
1.3459e-01 1.9346e-01 2.7572e-06
1.3552e-01 1.9340e-01 2.8721e-06
1.3646e-01 1.9335e-01 2.9918e-06
1.3741e-01 1.9329e-01 3.1165e-06
1.3836e-01 1.9324e-01 3.2464e-06
1.3932e-01 1.9319e-01 3.3819e-06
1.4029e-01 1.9314e-01 3.5230e-06
1.4126e-01 1.9309e-01 3.6700e-06
1.4224e-01 1.9305e-01 3.8233e-06
1.4323e-01 1.9301e-01 3.9829e-06
1.4422e-01 1.9297e-01 4.1493e-06
1.4522e-01 1.9293e-01 4.3227e-06
1.4623e-01 1.9289e-01 4.5033e-06
1.4725e-01 1.9286e-01 4.6916e-06
1.4827e-01 1.9282e-01 4.8878e-06
1.4930e-01 1.9279e-01 5.0922e-06
1.5033e-01 1.9276e-01 5.3052e-06
1.5138e-01 1.9274e-01 5.5271e-06
1.5243e-01 1.9271e-01 5.7584e-06
1.5349e-01 1.9269e-01 5.9994e-06
1.5455e-01 1.9266e-01 6.2505e-06
1.5562e-01 1.9264e-01 6.5121e-06
1.5670e-01 1.9262e-01 6.7848e-06
1.5779e-01 1.9260e-01 7.0689e-06
1.5889e-01 1.9259e-01 7.3649e-06
1.5999e-01 1.9257e-01 7.6733e-06
1.6110e-01 1.9256e-01 7.9947e-06
1.6222e-01 1.9255e-01 8.3296e-06
1.6334e-01 1.9254e-01 8.6786e-06
1.6448e-01 1.9253e-01 9.0422e-06
1.6562e-01 1.9252e-01 9.4210e-06
1.6677e-01 1.9251e-01 9.8157e-06
1.6792e-01 1.9251e-01 1.0227e-05
1.6909e-01 1.9250e-01 1.0656e-05
1.7026e-01 1.9250e-01 1.1102e-05
1.7144e-01 1.9250e-01 1.1567e-05
1.7263e-01 1.9250e-01 1.2052e-05
1.7383e-01 1.9250e-01 1.2557e-05
1.7504e-01 1.9250e-01 1.3083e-05
1.7625e-01 1.9250e-01 1.3632e-05
1.7748e-01 1.9250e-01 1.4203e-05
1.7871e-01 1.9251e-01 1.4798e-05
1.7995e-01 1.9252e-01 1.5418e-05
1.8120e-01 1.9252e-01 1.6064e-05
1.8245e-01 1.9253e-01 1.6737e-05
1.8372e-01 1.9254e-01 1.7438e-05
1.8500e-01 1.9255e-01 1.8169e-05
1.8628e-01 1.9257e-01 1.8930e-05
1.8757e-01 1.9258e-01 1.9723e-05
1.8887e-01 1.9259e-01 2.0549e-05
1.9018e-01 1.9261e-01 2.1410e-05
1.9150e-01 1.9262e-01 2.2306e-05
1.9283e-01 1.9264e-01 2.3241e-05
1.9417e-01 1.9266e-01 2.4214e-05
1.9552e-01 1.9268e-01 2.5227e-05
1.9688e-01 1.9270e-01 2.6283e-05
1.9824e-01 1.9272e-01 2.7383e-05
1.9962e-01 1.9275e-01 2.8529e-05
2.0100e-01 1.9277e-01 2.9723e-05
2.0240e-01 1.9280e-01 3.0967e-05
2.0380e-01 1.9282e-01 3.2262e-05
2.0522e-01 1.9285e-01 3.3611e-05
2.0664e-01 1.9288e-01 3.5017e-05
2.0807e-01 1.9291e-01 3.6481e-05
2.0952e-01 1.9294e-01 3.8006e-05
2.1097e-01 1.9297e-01 3.9594e-05
2.1244e-01 1.9301e-01 4.1249e-05
2.1391e-01 1.9304e-01 4.2972e-05
2.1540e-01 1.9308e-01 4.4767e-05
2.1689e-01 1.9312e-01 4.6637e-05
2.1840e-01 1.9315e-01 4.8584e-05
2.1991e-01 1.9319e-01 5.0612e-05
2.2144e-01 1.9323e-01 5.2724e-05
2.2297e-01 1.9328e-01 5.4923e-05
2.2452e-01 1.9332e-01 5.7214e-05
2.2608e-01 1.9336e-01 5.9600e-05
2.2765e-01 1.9341e-01 6.2085e-05
2.2923e-01 1.9346e-01 6.4672e-05
2.3082e-01 1.9351e-01 6.7367e-05
2.3242e-01 1.9356e-01 7.0173e-05
2.3403e-01 1.9361e-01 7.3095e-05
2.3566e-01 1.9366e-01 7.6138e-05
2.3729e-01 1.9371e-01 7.9306e-05
2.3894e-01 1.9377e-01 8.2605e-05
2.4060e-01 1.9383e-01 8.6041e-05
2.4227e-01 1.9389e-01 8.9618e-05
2.4395e-01 1.9395e-01 9.3342e-05
2.4564e-01 1.9401e-01 9.7220e-05
2.4735e-01 1.9407e-01 1.0126e-04
2.4906e-01 1.9414e-01 1.0546e-04
2.5079e-01 1.9420e-01 1.0984e-04
2.5253e-01 1.9427e-01 1.1439e-04
2.5428e-01 1.9434e-01 1.1914e-04
2.5605e-01 1.9442e-01 1.2407e-04
2.5783e-01 1.9449e-01 1.2921e-04
2.5961e-01 1.9456e-01 1.3457e-04
2.6142e-01 1.9464e-01 1.4014e-04
2.6323e-01 1.9472e-01 1.4593e-04
2.6506e-01 1.9480e-01 1.5197e-04
2.6690e-01 1.9489e-01 1.5825e-04
2.6875e-01 1.9497e-01 1.6479e-04
2.7061e-01 1.9506e-01 1.7159e-04
2.7249e-01 1.9515e-01 1.7868e-04
2.7438e-01 1.9524e-01 1.8605e-04
2.7629e-01 1.9533e-01 1.9372e-04
2.7820e-01 1.9543e-01 2.0170e-04
2.8014e-01 1.9553e-01 2.1001e-04
2.8208e-01 1.9563e-01 2.1865e-04
2.8404e-01 1.9573e-01 2.2765e-04
2.8601e-01 1.9584e-01 2.3701e-04
2.8799e-01 1.9595e-01 2.4674e-04
2.8999e-01 1.9606e-01 2.5688e-04
2.9200e-01 1.9617e-01 2.6742e-04
2.9403e-01 1.9629e-01 2.7839e-04
2.9607e-01 1.9640e-01 2.8980e-04
2.9813e-01 1.9653e-01 3.0167e-04
3.0019e-01 1.9665e-01 3.1401e-04
3.0228e-01 1.9678e-01 3.2686e-04
3.0437e-01 1.9691e-01 3.4021e-04
3.0649e-01 1.9704e-01 3.5411e-04
3.0861e-01 1.9718e-01 3.6856e-04
3.1076e-01 1.9732e-01 3.8359e-04
3.1291e-01 1.9746e-01 3.9922e-04
3.1508e-01 1.9761e-01 4.1548e-04
3.1727e-01 1.9776e-01 4.3238e-04
3.1947e-01 1.9791e-01 4.4996e-04
3.2169e-01 1.9807e-01 4.6824e-04
3.2392e-01 1.9823e-01 4.8724e-04
3.2617e-01 1.9839e-01 5.0699e-04
3.2843e-01 1.9856e-01 5.2753e-04
3.3071e-01 1.9873e-01 5.4888e-04
3.3301e-01 1.9891e-01 5.7108e-04
3.3532e-01 1.9909e-01 5.9415e-04
3.3764e-01 1.9928e-01 6.1813e-04
3.3999e-01 1.9946e-01 6.4305e-04
3.4235e-01 1.9966e-01 6.6895e-04
3.4472e-01 1.9986e-01 6.9587e-04
3.4712e-01 2.0006e-01 7.2384e-04
3.4952e-01 2.0027e-01 7.5290e-04
3.5195e-01 2.0048e-01 7.8310e-04
3.5439e-01 2.0070e-01 8.1447e-04
3.5685e-01 2.0092e-01 8.4707e-04
3.5933e-01 2.0115e-01 8.8093e-04
3.6182e-01 2.0138e-01 9.1610e-04
3.6433e-01 2.0162e-01 9.5263e-04
3.6686e-01 2.0186e-01 9.9057e-04
3.6941e-01 2.0211e-01 1.0300e-03
3.7197e-01 2.0237e-01 1.0709e-03
3.7455e-01 2.0263e-01 1.1134e-03
3.7715e-01 2.0290e-01 1.1575e-03
3.7977e-01 2.0317e-01 1.2033e-03
3.8240e-01 2.0345e-01 1.2509e-03
3.8506e-01 2.0374e-01 1.3002e-03
3.8773e-01 2.0404e-01 1.3514e-03
3.9042e-01 2.0434e-01 1.4046e-03
3.9313e-01 2.0464e-01 1.4598e-03
3.9586e-01 2.0496e-01 1.5171e-03
3.9861e-01 2.0528e-01 1.5765e-03
4.0137e-01 2.0561e-01 1.6381e-03
4.0416e-01 2.0595e-01 1.7021e-03
4.0696e-01 2.0630e-01 1.7685e-03
4.0979e-01 2.0665e-01 1.8373e-03
4.1263e-01 2.0701e-01 1.9087e-03
4.1549e-01 2.0738e-01 1.9827e-03
4.1838e-01 2.0776e-01 2.0594e-03
4.2128e-01 2.0815e-01 2.1390e-03
4.2420e-01 2.0854e-01 2.2215e-03
4.2715e-01 2.0895e-01 2.3071e-03
4.3011e-01 2.0936e-01 2.3957e-03
4.3310e-01 2.0979e-01 2.4876e-03
4.3610e-01 2.1022e-01 2.5828e-03
4.3913e-01 2.1067e-01 2.6815e-03
4.4218e-01 2.1112e-01 2.7837e-03
4.4524e-01 2.1158e-01 2.8896e-03
4.4833e-01 2.1206e-01 2.9993e-03
4.5144e-01 2.1254e-01 3.1129e-03
4.5458e-01 2.1304e-01 3.2306e-03
4.5773e-01 2.1355e-01 3.3524e-03
4.6091e-01 2.1407e-01 3.4785e-03
4.6411e-01 2.1460e-01 3.6091e-03
4.6733e-01 2.1514e-01 3.7443e-03
4.7057e-01 2.1569e-01 3.8841e-03
4.7384e-01 2.1626e-01 4.0289e-03
4.7713e-01 2.1684e-01 4.1787e-03
4.8044e-01 2.1743e-01 4.3336e-03
4.8377e-01 2.1803e-01 4.4939e-03
4.8713e-01 2.1865e-01 4.6596e-03
4.9051e-01 2.1928e-01 4.8310e-03
4.9391e-01 2.1992e-01 5.0082e-03
4.9734e-01 2.2058e-01 5.1914e-03
5.0079e-01 2.2125e-01 5.3808e-03
5.0427e-01 2.2194e-01 5.5765e-03
5.0777e-01 2.2264e-01 5.7788e-03
5.1129e-01 2.2335e-01 5.9877e-03
5.1484e-01 2.2408e-01 6.2036e-03
5.1841e-01 2.2482e-01 6.4265e-03
5.2201e-01 2.2558e-01 6.6567e-03
5.2563e-01 2.2635e-01 6.8944e-03
5.2928e-01 2.2714e-01 7.1398e-03
5.3295e-01 2.2794e-01 7.3931e-03
5.3665e-01 2.2876e-01 7.6544e-03
5.4037e-01 2.2960e-01 7.9241e-03
5.4412e-01 2.3045e-01 8.2023e-03
5.4790e-01 2.3132e-01 8.4893e-03
5.5170e-01 2.3220e-01 8.7852e-03
5.5553e-01 2.3310e-01 9.0904e-03
5.5939e-01 2.3402e-01 9.4049e-03
5.6327e-01 2.3495e-01 9.7291e-03
5.6718e-01 2.3590e-01 1.0063e-02
5.7111e-01 2.3687e-01 1.0407e-02
5.7508e-01 2.3785e-01 1.0762e-02
5.7907e-01 2.3886e-01 1.1127e-02
5.8309e-01 2.3987e-01 1.1503e-02
5.8713e-01 2.4091e-01 1.1890e-02
5.9121e-01 2.4196e-01 1.2288e-02
5.9531e-01 2.4303e-01 1.2698e-02
5.9944e-01 2.4411e-01 1.3120e-02
6.0360e-01 2.4522e-01 1.3554e-02
6.0779e-01 2.4633e-01 1.4000e-02
6.1201e-01 2.4747e-01 1.4459e-02
6.1625e-01 2.4862e-01 1.4930e-02
6.2053e-01 2.4979e-01 1.5415e-02
6.2484e-01 2.5098e-01 1.5913e-02
6.2917e-01 2.5218e-01 1.6424e-02
6.3354e-01 2.5340e-01 1.6950e-02
6.3794e-01 2.5463e-01 1.7489e-02
6.4236e-01 2.5588e-01 1.8043e-02
6.4682e-01 2.5715e-01 1.8611e-02
6.5131e-01 2.5843e-01 1.9194e-02
6.5583e-01 2.5973e-01 1.9792e-02
6.6038e-01 2.6104e-01 2.0406e-02
6.6496e-01 2.6236e-01 2.1035e-02
6.6958e-01 2.6370e-01 2.1679e-02
6.7422e-01 2.6505e-01 2.2340e-02
6.7890e-01 2.6642e-01 2.3017e-02
6.8361e-01 2.6780e-01 2.3711e-02
6.8836e-01 2.6919e-01 2.4421e-02
6.9313e-01 2.7059e-01 2.5148e-02
6.9795e-01 2.7200e-01 2.5892e-02
7.0279e-01 2.7343e-01 2.6654e-02
7.0767e-01 2.7486e-01 2.7433e-02
7.1258e-01 2.7630e-01 2.8229e-02
7.1752e-01 2.7776e-01 2.9044e-02
7.2250e-01 2.7922e-01 2.9877e-02
7.2751e-01 2.8068e-01 3.0728e-02
7.3256e-01 2.8216e-01 3.1597e-02
7.3765e-01 2.8364e-01 3.2485e-02
7.4277e-01 2.8512e-01 3.3392e-02
7.4792e-01 2.8661e-01 3.4318e-02
7.5311e-01 2.8811e-01 3.5263e-02
7.5834e-01 2.8960e-01 3.6227e-02
7.6360e-01 2.9110e-01 3.7210e-02
7.6890e-01 2.9259e-01 3.8213e-02
7.7424e-01 2.9409e-01 3.9235e-02
7.7961e-01 2.9559e-01 4.0276e-02
7.8502e-01 2.9708e-01 4.1338e-02
7.9047e-01 2.9857e-01 4.2419e-02
7.9595e-01 3.0005e-01 4.3520e-02
8.0148e-01 3.0153e-01 4.4640e-02
8.0704e-01 3.0300e-01 4.5781e-02
8.1264e-01 3.0447e-01 4.6941e-02
8.1828e-01 3.0592e-01 4.8122e-02
8.2396e-01 3.0737e-01 4.9322e-02
8.2967e-01 3.0880e-01 5.0542e-02
8.3543e-01 3.1022e-01 5.1782e-02
8.4123e-01 3.1163e-01 5.3042e-02
8.4707e-01 3.1302e-01 5.4321e-02
8.5294e-01 3.1440e-01 5.5621e-02
8.5886e-01 3.1576e-01 5.6940e-02
8.6482e-01 3.1709e-01 5.8278e-02
8.7083e-01 3.1841e-01 5.9636e-02
8.7687e-01 3.1971e-01 6.1013e-02
8.8295e-01 3.2098e-01 6.2410e-02
8.8908e-01 3.2223e-01 6.3825e-02
8.9525e-01 3.2345e-01 6.5259e-02
9.0146e-01 3.2465e-01 6.6712e-02
9.0772e-01 3.2582e-01 6.8184e-02
9.1402e-01 3.2696e-01 6.9674e-02
9.2036e-01 3.2806e-01 7.1182e-02
9.2675e-01 3.2914e-01 7.2708e-02
9.3318e-01 3.3018e-01 7.4252e-02
9.3966e-01 3.3119e-01 7.5813e-02
9.4618e-01 3.3216e-01 7.7391e-02
9.5274e-01 3.3309e-01 7.8986e-02
9.5936e-01 3.3398e-01 8.0598e-02
9.6601e-01 3.3484e-01 8.2226e-02
9.7272e-01 3.3565e-01 8.3870e-02
9.7947e-01 3.3642e-01 8.5530e-02
9.8626e-01 3.3715e-01 8.7205e-02
9.9311e-01 3.3784e-01 8.8895e-02
1.0000e+00 3.3848e-01 9.0599e-02
